180 90 90 90 90 180
180 148 0 90 30 180
180 145 16 90 61 180
180 145 16 90 61 102
180 145 101 90 61 102
0 145 101 90 61 102
0 145 101 90 61 180
180 90 90 90 90 180
180 148 0 90 30 180
180 145 16 90 61 180
180 145 16 90 61 102
180 145 101 90 61 102
0 145 101 90 61 102
0 145 101 90 61 180
180 90 90 90 90 180
180 148 0 90 30 180
180 145 16 90 61 180
180 145 16 90 61 102
180 145 101 90 61 102
0 145 101 90 61 102
0 145 101 90 61 180
180 90 90 90 90 180
180 148 0 90 30 180
180 145 16 90 61 180
180 145 16 90 61 102
180 145 101 90 61 102
0 145 101 90 61 102
0 145 101 90 61 180
180 90 90 90 90 180
180 148 0 90 30 180
180 145 16 90 61 180
180 145 16 90 61 102
180 145 101 90 61 102
0 145 101 90 61 102
0 145 101 90 61 180
180 90 90 90 90 180
180 148 0 90 30 180
180 145 16 90 61 180
180 145 16 90 61 102
180 145 101 90 61 102
0 145 101 90 61 102
0 145 101 90 61 180
180 90 90 90 90 180
180 148 0 90 30 180
180 145 16 90 61 180
180 145 16 90 61 102
180 145 101 90 61 102
0 145 101 90 61 102
0 145 101 90 61 180
180 90 90 90 90 180
180 148 0 90 30 180
180 145 16 90 61 180
180 145 16 90 61 102
180 145 101 90 61 102
0 145 101 90 61 102
0 145 101 90 61 180
180 90 90 90 90 180
180 148 0 90 30 180
180 145 16 90 61 180
180 145 16 90 61 102
180 145 101 90 61 102
0 145 101 90 61 102
0 145 101 90 61 180
180 90 90 90 90 180
180 148 0 90 30 180
180 145 16 90 61 180
180 145 16 90 61 102
180 145 101 90 61 102
0 145 101 90 61 102
0 145 101 90 61 180
180 90 90 90 90 180
180 148 0 90 30 180
180 145 16 90 61 180
180 145 16 90 61 102
180 145 101 90 61 102
0 145 101 90 61 102
0 145 101 90 61 180
180 90 90 90 90 180
180 148 0 90 30 180
180 145 16 90 61 180
180 145 16 90 61 102
180 145 101 90 61 102
0 145 101 90 61 102
0 145 101 90 61 180
180 90 90 90 90 180
180 148 0 90 30 180
180 145 16 90 61 180
180 145 16 90 61 102
180 145 101 90 61 102
0 145 101 90 61 102
0 145 101 90 61 180
180 90 90 90 90 180
180 148 0 90 30 180
180 145 16 90 61 180
180 145 16 90 61 102
180 145 101 90 61 102
0 145 101 90 61 102
0 145 101 90 61 180
180 90 90 90 90 180
180 148 0 90 30 180
180 145 16 90 61 180
180 145 16 90 61 102
180 145 101 90 61 102
0 145 101 90 61 102
0 145 101 90 61 180